TitleLine: "this file deliberatly contains some irregularities allowed by the format"
locus 1
locus 2
locus 3
locus_4
pop
shire1	,	242240 248244 282282 277277
shire2	,	254240 252248 298296 286268
shire3	,	252252 248246 298280 286274
shire4	,	240232 248246   294292 277268
shire5	,	240232 250244 282282 271259
shire6	,	248242 246246 292288 286271
shire7	,	252232 248244 292284 274262
shire8	,	242240 246244 284282 286262
shire9	,	254240 250246 282280 286277
shire10	,	242232 250246 282280 277268
shire11	,	242240 246244 288286 289262
shire12	,	252252 250250 292288 277274
pop	
mirkwood1,254240 254248 284282 289274
mirkwood2	,	252000 248244 286282 289277
mirkwood3	,	248240 248246 290280 277277
mirkwood4	,	242240 254250 290290 286268
mirkwood5	,	248242 250248 284282 274268
mirkwood6	,	252240 250244 296000 280277
mirkwood7	,	240240 248246 290290 283277
mirkwood8	,	248240 248248 296280 274268
mirkwood9	,	242242 250246 296282 271268
mirkwood10	,	240240 250246 296282 277271
mirkwood11	,	248240 254254 290282 286274
mirkwood12	,	254254 254244 286284 277274
mirkwood13	,	252240 246246 296290 283268
mirkwood14	,	248248 250246 290286 274268
mirkwood15	,	252248 254246 296288 289277
mirkwood16	,	254240 254250 296288 286271
Pop
mordor	,	240240 254000 284280 268259
mordor2	,	240240 250244 288286 283277
mordor3	,	254252 254254 290284 289259
mordor4	,	240240 248000 286282 289289
mordor5	,	252248 254246 282280 289259
mordor6	,	248240 254254 284280 283277
mordor7	,	248240 254248 282280 289277
mordor8	,	252242 248246 296286 286277
